3
4
26
40
72
60
36
83
4
56
75
31
91
13
2
3
32
48
51
49
93
58
3
2
87
20
84
51
47
62
3
4
43
77
75
57
26
54
18
26
34
82
76
33
2
3
81
95
56
76
84
85
3
2
77
1
93
80
81
8
4
6
22
8
35
25
88
75
6
14
88
56
8
86
10
25
2
20
31
64
8
5
91
93
30
6
4
10
52
6
41
8
16
62
62
78
88
43
62
68
25
69
17
52
88
11
21
66
16
4
8
34
71
34
83
48
18
81
49
66
26
38
88
34
31
43
62
92
2
2
18
53
51
35
4
9
96
61
79
79
48
80
39
29
34
47
81
82
18
72
41
79
74
56
77
62
48
87
95
13
23
49
77
2
79
78
16
11
15
70
88
22
9
9
54
5
39
85
52
1
63
76
83
47
6
27
40
47
93
18
97
94
27
94
43
23
3
47
88
30
1
28
26
96
9
62
93
61
43
7
40
58
42
64
4
61
73
6
15
25
62
54
83
46
45
41
88
91
10
81
31
56
54
3
80
38
43
24
26
12
61
31
35
77
97
7
85
8
55
38
19
77
61
43
90
4
3
90
94
14
30
12
30
12
62
68
43
85
14
2
4
89
2
61
28
53
65
1
23
2
8
20
35
59
56
82
96
75
22
11
91
91
88
79
2
93
22
10
3
85
73
33
13
95
57
93
57
76
95
14
43
29
8
16
32
78
61
4
9
42
74
4
51
34
46
50
51
56
55
2
4
28
74
62
44
47
43
82
52
10
6
17
73
60
23
24
73
85
5
57
14
61
44
7
74
93
56
73
43
72
67
40
65
54
65
30
19
63
37
63
78
61
82
76
25
10
65
23
11
18
33
68
70
58
34
15
76
70
66
25
82
33
33
63
78
77
81
80
45
6
84
6
9
16
36
31
16
21
29
60
34
41
33
70
66
64
97
10
30
34
92
93
11
90
56
59
20
27
96
3
45
29
73
50
38
91
2
85
48
68
16
82
49
63
81
84
50
85
59
50
66
16
37
63
67
78
80
9
4
80
17
44
70
78
85
40
28
78
63
49
81
30
54
2
20
60
43
75
11
45
5
87
62
39
47
89
90
44
63
21
4
44
88
1
85
9
8
1
1
77
96
34
20
73
68
9
86
3
18
90
53
55
89
64
96
25
43
13
21
73
15
34
86
14
87
42
64
64
19
76
62
55
19
79
18
34
78
9
7
6
67
6
16
7
89
72
50
1
18
5
3
61
15
39
32
6
61
8
69
20
16
48
47
75
35
62
14
67
10
3
5
52
62
38
35
62
86
76
97
12
30
81
27
54
41
86
2
9
17
23
45
7
88
72
94
63
78
47
86
13
56
87
75
55
32
8
5
10
27
53
58
53
46
2
37
74
10
56
68
37
60
44
24
91
28
86
35
58
70
8
50
74
37
81
63
70
44
5
58
28
15
11
74
28
5
92
16
70
76
69
84
35
12
77
4
1
79
94
2
5
55
44
52
96
31
51
60
68
81
12
9
2
61
85
70
6
72
2
46
97
37
92
67
24
67
59
1
25
40
57
2
10
37
34
60
34
62
38
77
79
1
33
44
19
77
90
16
83
30
72
63
11
7
4
75
90
42
29
9
55
62
6
45
48
16
82
76
54
28
32
47
60
58
39
93
8
19
22
71
15
46
88
10
7
52
26
1
89
4
60
56
66
7
71
28
20
3
18
85
13
8
31
87
54
16
76
52
38
66
15
29
7
60
24
61
13
87
4
2
53
61
43
24
24
58
71
31
50
20
72
48
92
74
57
65
15
6
50
24
18
34
48
49
89
63
44
82
25
66
11
13
84
88
89
6
6
36
92
77
24
57
3
82
75
42
63
97
72
7
30
79
22
67
11
32
58
4
36
17
20
37
56
8
32
25
8
15
66
70
96
46
2
5
8
88
60
60
2
67
59
39
68
26
79
77
15
6
78
96
89
34
16
22
4
41
52
43
25
93
19
84
72
80
25
88
45
57
25
10
89
43
54
90
6
2
3
85
83
40
82
18
18
6
2
44
83
18
40
24
84
38
94
97
76
53
20
3
2
60
16
42
53
13
17
3
5
11
67
38
19
26
39
60
28
28
92
51
15
82
86
18
4
4
57
76
5
41
64
8
72
50
28
44
43
75
32
36
17
45
8
3
67
64
31
70
81
74
97
20
89
32
34
76
58
58
22
45
21
42
56
39
25
41
39
91
10
6
78
8
32
25
14
7
20
64
52
5
78
30
63
74
95
38
41
67
40
19
47
22
72
23
77
11
91
66
41
57
24
14
71
70
31
52
65
77
90
20
78
66
45
27
51
70
13
59
43
13
45
36
46
17
32
36
5
97
52
48
10
4
45
10
30
58
11
64
25
95
22
23
88
7
72
9
71
69
50
48
8
42
28
91
11
92
21
68
36
53
46
15
23
62
84
7
79
26
16
77
25
9
10
7
27
10
82
88
87
46
82
41
60
97
32
90
11
71
73
5
60
35
52
87
14
46
84
66
79
82
18
66
27
43
48
8
4
82
85
56
12
70
87
4
24
49
87
80
7
47
1
77
27
13
83
14
67
38
53
54
4
3
37
61
94
59
96
13
72
33
36
41
72
44
2
10
59
68
68
43
16
87
18
80
86
1
85
72
61
64
74
64
69
62
91
86
3
5
56
46
31
46
84
42
61
55
89
4
72
39
64
3
77
10
4
7
32
88
46
38
94
16
93
43
27
83
56
32
37
95
82
3
36
34
11
27
27
25
81
69
82
32
93
80
53
33
45
48
64
31
52
75
22
44
40
4
9
35
17
89
58
50
4
69
95
78
69
25
75
44
14
97
4
35
26
95
22
91
60
88
87
20
55
54
8
38
12
41
34
83
38
32
84
6
10
76
39
88
70
64
3
18
56
86
90
23
5
73
45
60
21
4
63
64
39
28
1
88
66
88
71
34
36
17
67
58
36
1
6
11
40
23
18
76
24
85
68
40
24
21
21
67
13
55
80
33
16
63
50
39
87
74
22
50
39
6
4
32
76
81
30
4
84
51
61
74
90
60
76
26
5
64
46
69
38
66
56
49
95
76
81
9
3
55
87
19
65
51
93
66
55
4
76
81
43
31
2
34
15
20
12
7
88
58
64
50
23
75
2
11
10
2
21
29
75
64
95
25
92
50
45
51
38
7
16
38
45
24
47
22
17
68
10
5
51
83
90
21
33
21
40
32
53
33
11
32
62
31
22
24
75
90
41
97
82
1
7
21
54
71
2
76
21
33
25
4
32
63
9
74
42
64
66
24
59
95
44
14
91
30
78
79
30
68
4
3
49
18
4
44
1
34
97
46
21
69
23
46
3
5
49
35
91
7
22
56
56
12
61
21
78
36
34
7
92
3
2
51
13
97
79
36
93
8
3
63
25
92
75
38
66
41
49
20
28
80
3
85
6
48
80
72
22
97
32
38
18
27
74
3
5
74
18
58
51
84
26
46
36
63
91
1
13
35
52
20
6
8
36
23
65
96
26
66
88
8
84
15
55
6
91
89
1
88
33
14
29
94
71
94
21
89
7
71
28
50
16
70
15
56
35
61
89
59
74
44
64
84
12
52
43
67
72
29
40
51
5
5
12
13
44
79
32
65
46
8
71
4
51
5
23
61
21
90
70
46
27
79
41
73
31
45
95
5
5
50
71
77
20
6
36
69
15
53
43
70
80
32
67
1
62
71
56
96
16
91
43
21
2
23
2
3
30
92
6
5
17
63
4
8
14
33
31
55
83
80
75
33
58
79
14
42
19
29
30
93
71
58
92
46
93
44
56
74
39
37
33
19
65
13
55
47
8
10
46
62
71
93
5
39
85
57
73
35
74
8
51
44
51
86
64
81
22
24
36
62
45
82
81
6
88
8
96
71
45
56
40
14
84
12
14
97
32
11
11
4
13
85
11
7
45
27
55
90
42
78
97
2
91
74
81
95
24
43
90
50
96
96
33
36
20
54
68
36
34
4
3
13
58
45
96
62
65
84
5
7
76
37
19
91
23
21
38
19
35
19
64
55
3
76
24
64
86
72
19
91
70
8
71
31
56
24
5
51
2
44
4
73
87
62
95
8
7
44
41
30
51
82
3
47
16
42
67
21
34
81
8
13
88
92
54
79
43
12
82
13
46
1
48
18
55
57
29
70
58
30
25
3
32
76
39
96
23
2
50
40
96
62
85
93
50
30
14
23
87
16
96
18
94
5
4
84
84
94
6
44
53
15
90
45
93
9
63
73
25
40
34
69
17
5
35
8
6
71
20
29
36
17
70
31
18
80
15
87
63
37
41
49
45
43
91
32
12
20
4
54
7
14
30
42
59
34
22
59
82
43
19
24
55
87
41
83
15
50
97
32
63
68
24
17
37
7
6
79
20
45
90
30
62
17
32
78
34
41
14
19
66
11
1
37
12
44
62
58
16
49
89
55
83
29
80
77
73
48
14
59
32
47
91
23
71
27
93
77
29
3
6
68
58
86
60
94
82
15
73
89
67
15
93
33
5
82
26
80
81
4
8
79
38
33
77
85
68
96
53
65
96
55
45
74
76
22
56
93
74
59
34
50
33
95
13
51
88
97
26
57
81
29
7
2
2
33
53
6
47
7
3
24
9
97
25
52
26
17
50
44
35
28
69
71
56
74
64
61
78
61
56
41
10
5
54
29
49
26
45
35
34
65
46
4
90
47
23
30
7
80
93
51
1
61
65
93
79
5
45
50
50
15
92
58
40
43
35
72
8
21
4
26
17
30
80
1
6
4
19
57
67
55
92
60
6
4
55
40
90
68
63
36
62
72
97
66
71
21
47
78
69
14
19
58
19
61
90
84
17
55
6
2
9
87
80
89
1
63
74
78
80
11
95
9
3
9
54
31
43
69
23
38
29
8
27
69
13
3
19
77
56
83
41
20
29
28
57
55
30
59
45
28
37
