 13419-564: 90, 10, 50, 86, 34, 30, 79, 100, 38, 31, 5, 41, 84, 28, 79, 78, 13, 27, 58, 93, 24, 6, 49, 74, 77, 67, 9, 22, 61, 70, 52, 59
 26517-482: 21, 98, 100, 12, 7, 75, 65, 79, 99, 76, 88, 38, 88, 14, 8, 46, 74, 39, 73, 74, 2, 93, 21, 40, 82, 44, 83, 76, 54, 58, 69, 11, 10, 82
 21389-401: 14, 82, 12, 94, 95, 34, 93, 33, 100, 6, 65, 21, 7, 27, 98, 32, 58, 58, 20, 25, 29, 27, 42, 51, 1, 8
 15895-036: 6, 10, 94, 85, 67, 60, 34, 70, 79, 89, 60, 10, 85, 69, 1, 57, 25, 46, 33, 51, 60, 48, 89, 35, 12, 51, 56, 10
 89719-80: 99, 41, 40, 85, 12, 12, 77, 96, 78, 34, 58, 6, 2, 15, 80, 99, 44, 91, 97, 5, 39, 96, 7, 35, 43, 89, 49, 61, 14
 25839-904: 52, 8, 11, 51, 82, 38, 14, 22, 61, 39, 9, 47, 60, 23, 38, 66, 58, 65, 25, 99, 30, 4, 10, 51, 94, 40, 31, 53, 75, 68
 83155-46: 78, 90, 37, 5, 69, 14, 55, 78, 33, 100, 80, 8, 5, 70, 8, 66, 33, 86, 22, 19, 78, 100, 54, 11, 11, 5, 80, 58, 89
 23308-285: 60, 87, 2, 42, 15, 20, 3, 97, 74, 78, 49, 68, 66, 51, 4, 3, 46, 22, 88, 60, 79, 9, 34, 18, 80, 5, 60, 23, 52, 24, 37, 92, 55, 100
 20660-290: 91, 83, 38, 69, 14, 81, 54, 61, 59, 80, 99, 88, 32, 27, 54, 54, 44, 6, 86, 98, 36, 78, 100
 11781-841: 86, 83, 54, 13, 8, 78, 4, 81, 97, 37, 2, 55, 29, 33, 90, 93, 19, 71, 94, 12, 29, 100, 78
 14802-906: 60, 22, 54, 44, 56, 86, 39, 77, 35, 75, 60, 20, 79, 75, 55, 27, 75, 49, 20, 56, 36, 39, 41, 34, 72, 76
 12848-370: 34, 26, 58, 59, 53, 9, 52, 50, 17, 58, 89, 58, 99, 86, 63, 18, 72, 48, 3, 84, 83
 21258-934: 87, 6, 83, 45, 11, 51, 33, 86, 29, 81, 47, 48, 12, 36, 32, 22, 3, 94, 2, 19, 52, 61, 53, 92, 18, 70, 51, 52, 78, 26, 96, 86
 24546-760: 32, 39, 34, 23, 97, 38, 53, 94, 67, 67, 75, 16, 99, 53, 50, 64, 48, 82, 25, 47, 8, 99, 58, 40, 1, 93, 90, 10, 54, 49, 2, 11, 98
 18157-141: 48, 29, 24, 11, 19, 68, 40, 30, 73, 90, 84, 78, 48, 57, 56, 17, 98, 42, 13, 25, 4, 88, 75, 76, 53, 40, 6, 63, 11, 49, 32, 20, 4, 74
 11198-111: 99, 35, 1, 71, 76, 99, 46, 42, 38, 87, 49, 61, 64, 57, 51, 54, 41, 91, 26, 65, 40, 45
 26422-406: 25, 43, 58, 90, 44, 86, 40, 93, 44, 4, 15, 63, 47, 71, 79, 85, 50, 37, 24, 49, 66
 13732-267: 54, 25, 78, 97, 55, 56, 19, 19, 35, 9, 87, 58, 52, 83, 8, 2, 68, 33, 96, 14, 73, 13, 28, 25, 27, 65, 2, 94, 81
 21805-930: 76, 10, 32, 71, 43, 77, 74, 97, 62, 18, 96, 43, 30, 16, 6, 15, 17, 30, 79, 51, 51, 50, 71, 91, 59, 70, 78, 50, 32, 95, 24, 89, 8, 20
 18119-414: 100, 25, 66, 34, 2, 14, 71, 77, 20, 66, 78, 9, 10, 91, 15, 61, 34, 98
 29316-933: 88, 54, 75, 93, 10, 69, 76, 32, 70, 11, 13, 8, 14, 85, 33, 58, 71, 58, 10, 30, 67, 77, 48, 10, 43, 40, 2, 18
 18288-033: 82, 28, 43, 40, 81, 95, 96, 12, 43, 5, 90, 90, 5, 35, 5, 78, 37, 28, 73, 85, 86, 46, 39, 73, 49, 99, 2, 100, 88, 36, 94, 41, 55
 23761-015: 20, 21, 78, 89, 96, 20, 59, 54, 35, 32, 60, 43, 71, 14, 69, 5, 57, 90, 93, 73, 9, 60, 40, 43, 12, 92, 32, 22, 59
 15190-608: 5, 79, 45, 9, 46, 81, 61, 25, 23, 71, 15, 84, 45, 20, 75, 51, 3, 82, 59, 39
 12245-969: 15, 86, 14, 79, 44, 18, 50, 62, 17, 48, 8, 97, 30, 95, 52, 8, 4, 33, 97, 93, 71
 29202-144: 60, 20, 57, 47, 35, 1, 17, 96, 6, 82, 13, 96, 45, 22, 16, 38, 42, 31, 69, 57, 9, 75, 89
 15524-19: 27, 6, 68, 72, 14, 16, 77, 23, 18, 46, 66, 58, 39, 46, 99, 96, 58, 21, 86, 77, 91, 59, 15, 58, 50, 71, 88
 19746-084: 9, 93, 12, 72, 62, 35, 7, 49, 8, 49, 92, 89, 45, 45, 83, 74, 43, 47, 34, 88, 22, 20, 58, 65, 59, 70, 80, 54, 88, 61, 27, 44, 97, 95, 42, 76, 21
 26599-290: 3, 59, 97, 73, 3, 76, 13, 20, 98, 98, 77, 16, 8, 91, 38, 92, 24, 57, 56, 77, 14, 63, 80, 80, 59, 9, 49
 21862-549: 96, 19, 24, 80, 83, 16, 12, 41, 58, 63, 86, 20, 55, 86, 1, 63, 15, 92, 17, 16
 86628-71: 45, 45, 70, 3, 77, 45, 92, 56, 72, 93, 51, 17, 3, 34, 45, 47, 79, 47, 69, 48, 37, 70, 54, 28, 55, 53
 29328-949: 76, 50, 89, 38, 12, 86, 75, 22, 10, 94, 55, 1, 2, 22, 73, 71, 78, 51, 8, 1, 94, 92, 18, 58, 19, 3, 40, 27
 27352-808: 13, 30, 99, 27, 15, 18, 67, 46, 64, 22, 22, 81, 94, 97, 82, 3, 46, 30, 20, 80, 88, 70, 98, 47, 2, 57, 10, 93, 29, 41, 77, 2, 29, 45, 93
 57636-83: 75, 77, 92, 99, 4, 76, 22, 2, 26, 28, 3, 90, 53, 60, 20, 67, 95, 86, 65
 16878-708: 76, 18, 66, 20, 100, 50, 76, 35, 25, 99, 54, 75, 17, 49, 67, 42, 14, 67, 21, 87, 2, 81, 35
 26294-773: 83, 85, 8, 36, 11, 59, 20, 32, 57, 2, 33, 91, 5, 37, 97, 78, 46, 11, 49, 68, 96, 13, 66, 6, 78, 18, 44
 16467-777: 56, 66, 18, 17, 69, 77, 26, 39, 53, 10, 84, 17, 12, 75, 76, 15, 2, 39, 74, 29, 22, 11, 45
 78521-15: 49, 69, 79, 34, 66, 96, 45, 64, 27, 86, 46, 63, 39, 2, 41, 61, 45, 35, 72, 41, 72, 47, 26, 40, 9, 48, 20, 37, 82, 93, 26, 49, 97
 85446-84: 50, 9, 52, 62, 59, 45, 48, 13, 91, 78, 2, 20, 6, 52, 40, 65, 42, 90, 89, 91, 52, 44, 64, 33, 34, 37, 26, 41
 27317-244: 73, 47, 88, 85, 86, 60, 78, 67, 63, 21, 32, 59, 49, 58, 17, 11, 91, 79, 93, 43, 84, 68, 72, 93, 24, 33, 82, 59
 23886-91: 58, 19, 6, 25, 89, 66, 15, 25, 5, 5, 13, 100, 42, 89, 57, 96, 80, 91, 23, 41, 59, 89, 87, 24, 21, 50
 25563-660: 30, 97, 39, 32, 80, 95, 38, 34, 18, 36, 28, 10, 84, 60, 86, 75, 73, 1, 99, 14, 11, 30, 79, 93, 49, 51, 28, 59, 89, 81, 78, 86
 25317-505: 31, 24, 4, 63, 68, 90, 48, 27, 3, 20, 99, 5, 58, 93, 98, 23, 24, 94, 36, 79
 19819-223: 83, 12, 12, 27, 65, 68, 33, 3, 77, 1, 30, 79, 49, 51, 33, 28, 53, 70, 54, 67, 3, 14, 1, 71, 28, 27, 31
 22662-626: 38, 62, 6, 56, 60, 33, 38, 42, 99, 57, 100, 12, 38, 72, 49, 89, 56, 62, 69, 40, 82, 92, 64, 34, 1, 41, 34, 30, 70, 13, 100
 21887-073: 44, 66, 77, 8, 28, 75, 34, 58, 48, 70, 8, 16, 14, 76, 26, 16, 55, 50, 37, 83
 61698-61: 75, 73, 16, 27, 56, 58, 37, 44, 92, 7, 74, 73, 59, 3, 1, 33, 99, 19, 50, 52, 53, 70, 96, 48, 61, 78, 45, 47
 64511-90: 86, 4, 70, 74, 18, 100, 10, 73, 79, 89, 77, 95, 78, 16, 46, 66, 20, 53, 26, 41, 86
 11842-030: 66, 20, 61, 48, 24, 23, 45, 24, 31, 11, 89, 14, 31, 55, 38, 67, 73, 21, 88, 49, 77
 22868-86: 73, 61, 81, 69, 51, 14, 99, 38, 69, 27, 65, 58, 64, 80, 86, 73, 79, 54, 61, 9, 69, 47, 100, 4
 10379-870: 74, 50, 18, 71, 88, 52, 9, 16, 52, 15, 66, 2, 78, 71, 17, 84, 66, 42, 2, 55, 74, 3, 77, 25, 83
 69326-63: 23, 61, 74, 25, 83, 25, 94, 78, 82, 44, 84, 74, 50, 5, 89, 91, 8, 53, 36, 86, 36, 91, 83, 56, 29, 64, 15, 34, 49, 11, 46, 30, 75, 26
 27095-68: 48, 96, 57, 35, 40, 18, 65, 55, 21, 21, 97, 73, 83, 44, 75, 44, 50, 40, 23, 29, 75, 6, 30, 15, 60, 78
 11748-881: 37, 90, 56, 77, 39, 77, 39, 11, 26, 11, 49, 30, 32, 21, 48, 15, 7, 48, 70, 32, 75, 33, 53, 35, 13, 14, 94, 16, 21
 45087-22: 23, 15, 11, 100, 24, 43, 43, 69, 6, 36, 81, 10, 26, 7, 94, 4, 65, 56, 61, 52, 99
 69451-97: 88, 97, 96, 45, 51, 63, 33, 35, 23, 7, 24, 13, 28, 24, 35, 95, 92, 67, 4, 28, 19, 17, 84, 14
 69120-66: 74, 89, 84, 100, 91, 25, 68, 45, 7, 2, 52, 98, 36, 45, 74, 64, 20, 84, 99, 14, 4, 44, 46
 84793-67: 57, 36, 21, 8, 89, 50, 3, 27, 47, 65, 96, 36, 66, 98, 79, 26, 79, 45, 32, 35, 46, 86, 60, 18, 59, 92, 68, 71, 81, 79
 20480-757: 81, 5, 65, 33, 3, 95, 61, 2, 51, 5, 47, 51, 93, 39, 10, 65, 41, 78, 67, 41, 3, 18, 93, 18, 52, 86, 20, 50
 13142-148: 44, 96, 82, 7, 21, 92, 64, 86, 83, 4, 75, 37, 100, 46, 59, 14, 77, 92, 59, 86, 61, 46, 82, 18, 50, 90, 81, 52, 42, 100, 58
 28118-830: 64, 19, 93, 1, 93, 6, 84, 19, 95, 50, 76, 25, 75, 43, 83, 39, 78, 91, 30, 72, 53, 57, 24, 4, 33, 91, 55, 5, 58
 29206-692: 93, 87, 62, 21, 98, 80, 16, 78, 65, 9, 40, 91, 9, 89, 11, 40, 100, 98, 96, 36, 63, 67, 7, 42, 75, 36, 88, 38
 21936-351: 13, 69, 69, 81, 52, 79, 85, 60, 47, 66, 50, 50, 11, 26, 18, 31, 95, 97, 59, 47, 58, 9, 51, 38, 78, 2, 28, 9, 4, 51, 41, 63, 43, 76
 78350-62: 20, 15, 56, 40, 62, 23, 41, 35, 24, 79, 62, 7, 38, 85, 48, 55, 56, 79, 10, 12, 58, 97, 45, 64, 59, 36, 47, 98
 11080-121: 45, 91, 53, 53, 86, 16, 35, 35, 95, 96, 53, 64, 89, 56, 29, 86, 78, 99, 47, 100, 94, 22, 26, 59, 27, 64, 39, 35, 53, 27, 33, 26, 82, 9, 52
 18619-779: 29, 40, 70, 63, 10, 66, 54, 75, 9, 76, 5, 61, 40, 71, 99, 25, 67, 93, 73, 50, 34, 32, 40, 57, 27, 100, 100, 92, 45, 90, 53
 12860-477: 66, 78, 13, 30, 29, 77, 12, 77, 4, 34, 93, 59, 26, 74, 18, 75, 6, 42, 33, 53, 10, 16, 52, 97, 30, 67, 76, 100, 1, 92
 28651-925: 30, 30, 57, 3, 78, 77, 71, 34, 91, 8, 77, 83, 55, 61, 56, 60, 49, 82, 35, 61, 26, 39, 2, 23, 34, 63, 42, 9, 43, 6, 54, 91, 69, 6, 37, 32
 22119-749: 91, 86, 6, 1, 19, 81, 38, 45, 50, 68, 6, 59, 55, 82, 12, 69, 3, 60, 87, 67, 45, 31, 3, 88, 98, 57, 81, 77
 23662-904: 22, 37, 33, 94, 96, 45, 65, 50, 38, 58, 67, 85, 34, 4, 15, 78, 7, 99, 2, 4, 93, 90, 99, 79, 34
 24234-034: 13, 22, 54, 39, 51, 100, 34, 74, 81, 83, 67, 65, 4, 4, 10, 77, 100, 24, 78, 49, 73, 59, 61, 58, 44, 94, 84, 13, 83, 21, 82, 93, 15, 94
 20123-441: 53, 51, 28, 42, 6, 21, 59, 26, 15, 98, 38, 87, 18, 95, 82, 93, 89, 94, 14, 66, 94, 55, 67, 5
 12614-946: 14, 88, 7, 13, 29, 91, 53, 2, 24, 89, 80, 84, 64, 62, 42, 87, 37, 92, 100, 15, 6, 78, 37, 15, 73, 48
 15984-711: 33, 70, 33, 95, 3, 36, 14, 32, 16, 77, 84, 11, 5, 100, 12, 53, 84, 92, 19, 51, 19, 69, 51, 73, 61, 50, 43, 18, 26
 36073-18: 13, 36, 15, 53, 83, 5, 4, 80, 87, 28, 22, 30, 49, 74, 17, 47, 80, 35, 86, 17, 83, 68, 15, 37, 92, 38, 76
 28630-150: 38, 91, 48, 71, 90, 13, 74, 30, 8, 9, 57, 58, 38, 68, 78, 68, 26, 52, 24, 24, 47, 60, 25
 21289-952: 58, 73, 72, 22, 55, 72, 91, 51, 88, 73, 52, 31, 36, 59, 76, 50, 58, 72, 87, 33, 79, 40, 82, 1, 28, 47, 1, 1, 62, 75, 97, 50, 49, 87, 28
 28073-313: 5, 98, 13, 49, 70, 36, 27, 40, 37, 73, 17, 57, 68, 81, 30, 38, 83, 48, 83, 98, 5, 97, 17, 6, 81
 20927-397: 17, 28, 46, 74, 44, 47, 2, 55, 74, 72, 96, 12, 70, 22, 32, 58, 5, 96, 99, 33, 50, 19, 55, 33, 69, 3, 26, 10, 57, 61, 76, 97, 46, 97
 28860-733: 76, 15, 4, 76, 6, 37, 63, 49, 46, 60, 82, 91, 36, 35, 26, 94, 22, 93, 18, 28, 5, 90, 61, 84, 83, 22, 50, 93
 45880-42: 16, 92, 84, 4, 88, 60, 93, 76, 91, 62, 2, 4, 54, 2, 59, 37, 37, 94, 70, 72, 55, 37, 20, 97, 74, 79, 6
 22795-98: 98, 88, 32, 93, 22, 48, 23, 9, 37, 95, 28, 34, 86, 98, 75, 80, 64, 23
 25344-409: 26, 55, 40, 59, 79, 85, 67, 82, 95, 90, 58, 5, 71, 56, 65, 95, 7, 34, 62
 23993-564: 65, 30, 26, 37, 99, 29, 45, 37, 26, 49, 66, 22, 48, 66, 62, 92, 22, 43, 84, 8, 38, 68, 43, 20, 71, 79, 69, 93
 40378-79: 29, 72, 92, 26, 79, 16, 23, 67, 76, 82, 55, 60, 5, 57, 68, 97
 61921-82: 54, 75, 48, 78, 59, 59, 88, 54, 93, 34, 80, 3, 86, 26, 37, 32, 4, 73, 96, 60, 41, 37, 7
 24118-869: 46, 4, 22, 63, 44, 42, 99, 98, 53, 13, 9, 6, 35, 88, 86, 59, 25, 25, 81, 48, 1, 13
 17312-479: 21, 9, 41, 22, 48, 9, 2, 92, 87, 71, 28, 14, 64, 6, 21, 31, 98, 63, 78, 23, 49, 79, 17, 28, 32, 39
 22808-269: 51, 41, 35, 35, 83, 18, 40, 85, 27, 30, 2, 84, 68, 64, 13, 24, 51, 85, 50, 88, 63, 8
 22954-402: 67, 88, 25, 63, 66, 51, 21, 86, 70, 89, 16, 63, 26, 61, 82, 19, 35, 81, 48, 59, 74, 84, 44, 77, 69, 44
 23871-013: 40, 79, 67, 88, 50, 62, 97, 54, 46, 54, 86, 78, 21, 96, 79, 72, 42, 90, 38, 59, 85, 24, 86, 93, 97, 41, 29, 96, 57, 50, 75, 64, 92, 32, 44, 31
 45078-06: 75, 87, 15, 32, 5, 77, 85, 54, 34, 48, 86, 68, 15, 63, 44, 24, 64, 52, 42, 41, 40, 89, 16, 28
 10068-610: 65, 70, 29, 9, 32, 83, 27, 45, 26, 88, 69, 77, 60, 20, 64, 12, 82, 83, 40, 47, 35, 8
 29758-264: 85, 73, 79, 16, 70, 79, 59, 17, 73, 88, 40, 67, 69, 80, 11, 42, 20, 42, 76, 85, 15, 62, 64, 92, 3, 18, 55, 28, 17
 33427-83: 90, 57, 44, 58, 87, 87, 7, 63, 14, 98, 11, 81, 11, 12, 87, 30, 32, 39, 1, 67, 96, 93, 75, 26, 28, 39, 61
 26671-700: 4, 83, 28, 36, 23, 68, 33, 23, 38, 51, 99, 87, 6, 9, 93, 87, 75, 79, 38, 80, 22, 85, 37, 57, 75, 12, 27, 49, 99, 57, 99, 68
 27339-739: 13, 84, 88, 26, 41, 37, 40, 93, 51, 20, 19, 67, 60, 87, 12, 40, 58, 71, 64, 35, 74, 64, 88, 27, 34, 26, 88, 68
 21740-911: 55, 46, 42, 26, 11, 41, 41, 66, 91, 89, 10, 92, 76, 97, 22, 60, 12, 20, 72, 94, 60, 86, 21, 53, 24, 12, 14, 93, 47, 32
 20995-760: 98, 26, 88, 55, 16, 96, 38, 66, 53, 32, 1, 39, 58, 75, 52, 16, 32, 64, 52, 44, 87, 58, 87, 47, 3, 69, 4, 68, 82, 53
 45228-62: 2, 47, 28, 21, 5, 76, 1, 3, 79, 85, 59, 78, 8, 86, 43, 20, 89, 33, 99, 24, 73, 76, 71, 55, 5
 53010-00: 60, 84, 67, 26, 94, 29, 89, 58, 19, 16, 2, 50, 14, 54, 26, 68, 99, 97, 75, 65, 18, 56, 30, 85, 76, 46, 19
 19852-192: 72, 25, 53, 62, 11, 32, 80, 53, 30, 84, 14, 28, 22, 4, 68, 4, 9, 50, 73, 57, 92, 37, 22, 23, 53, 44, 5, 51, 43, 35, 22
 16859-12: 64, 76, 90, 37, 48, 13, 81, 38, 72, 69, 67, 43, 52, 62, 21, 92, 28, 72, 19, 58, 15, 63, 36, 71, 45, 7, 10, 71, 77, 75, 92, 99, 59, 6, 25, 50, 73, 57, 23, 73, 99, 46, 36
 14848-905: 5, 71, 38, 89, 81, 23, 71, 86, 10, 13, 21, 74, 36, 18, 3, 80, 92, 21, 87
 80873-08: 7, 48, 13, 15, 30, 3, 93, 100, 69, 68, 14, 62, 39, 55, 62, 59, 51, 95, 18, 90, 29, 77, 77, 46, 51, 23, 69, 20, 65, 86, 16, 78, 76, 41
 18056-718: 35, 57, 72, 65, 5, 49, 83, 4, 33, 31, 30, 88, 31, 4, 60, 28, 27, 30, 1, 9, 17, 87, 34, 81, 8, 3, 6, 27, 95, 55
 26966-946: 63, 83, 89, 35, 34, 44, 49, 37, 71, 1, 73, 17, 76, 45, 33, 24, 83, 35, 35, 51, 89, 79, 57, 10, 21, 67, 92, 1, 72, 17, 2, 98, 68, 67, 57
 33577-62: 30, 17, 65, 49, 100, 67, 68, 39, 37, 22, 86
 92445-23: 26, 24, 30, 20, 13, 12, 25, 17, 92, 11, 61, 10, 11, 73, 29, 32, 99, 34, 33, 49, 13, 99
 15055-233: 87, 1, 48, 17, 13, 56, 83, 33, 71, 63, 42, 50, 9, 23, 33, 58, 52, 80, 49, 2, 74, 13, 72, 8, 16, 85, 28, 65, 35
 24278-380: 70, 43, 99, 61, 82, 4, 77, 18, 24, 38, 64, 25, 98, 94, 27, 27, 21, 78, 51
 85043-90: 74, 63, 23, 23, 14, 49, 11, 66, 52, 89, 8, 77, 47, 35, 74, 33, 67, 94, 46
 20342-043: 41, 16, 5, 1, 42, 39, 40, 88, 68, 97, 93, 67, 71, 96, 87, 82, 37, 63, 12, 30, 6, 71, 64, 5, 22, 18, 100, 57, 39, 83, 80, 22, 13, 4, 73, 32
 19169-808: 51, 11, 74, 42, 78, 10, 74, 54, 27, 25, 17, 97, 25, 51, 53, 62, 84, 92, 76, 26, 29, 98, 79, 14, 18
 26536-082: 48, 58, 99, 21, 7, 100, 61, 29, 81, 85, 86, 57, 19, 58, 97, 9, 99, 86, 83, 72, 35, 89, 43, 55, 54, 48
 25622-616: 68, 50, 87, 77, 57, 11, 48, 46, 53, 95, 45, 95, 65, 42, 38, 83, 28, 1, 32, 67, 38, 35, 49, 34, 17, 30
 17201-037: 70, 12, 57, 65, 70, 14, 89, 35, 53, 93, 91, 82, 72, 62, 33, 60, 42, 88, 80, 15, 63, 85, 90, 72, 94, 50, 66, 31, 14, 28, 34
 29283-962: 16, 13, 6, 25, 38, 57, 16, 71, 61, 84, 93, 1, 46, 100, 7, 38, 75, 31, 47, 85, 39, 96, 46, 57, 50, 24, 26, 31, 95, 87
 17794-147: 86, 93, 95, 30, 72, 97, 13, 24, 70, 71, 47, 49, 23, 99, 25, 72, 62, 12, 92, 45, 75, 33, 34, 30, 22, 97
 20566-253: 18, 45, 82, 38, 34, 64, 75, 34, 27, 24, 24, 58, 10, 37, 35, 40, 36, 69, 16, 50, 44, 41, 96, 70, 49
 19232-923: 78, 70, 55, 73, 71, 42, 93, 51, 71, 58, 17, 81, 30, 84, 38, 9, 98, 67, 15, 66, 84, 38, 19, 86, 99, 95, 91, 94, 69, 11, 50
 20889-541: 46, 79, 43, 13, 33, 5, 26, 6, 97, 18, 72, 76, 14, 63, 94, 87, 94, 46, 11, 14, 5
 23559-759: 83, 59, 26, 19, 81, 68, 64, 9, 70, 28, 50, 43, 7, 33, 24, 18, 65, 23, 43, 59, 12
 26114-015: 52, 38, 52, 100, 71, 69, 72, 23, 42, 36, 6, 71, 9, 39, 32, 60, 94, 27, 83, 84, 97, 53
 20984-547: 25, 81, 1, 94, 48, 67, 15, 83, 49, 16, 60, 57, 100, 70, 24, 24, 5, 95, 80, 36, 96, 38, 1
 38478-26: 27, 79, 11, 18, 9, 4, 47, 36, 13, 99, 36, 67, 51, 50, 97, 89, 5, 42, 13, 27, 60, 89, 11, 89, 1, 83, 75, 16
 42184-60: 92, 23, 28, 20, 49, 80, 12, 39, 100, 1, 91, 12, 67, 21, 64, 77, 68, 21, 71, 72, 8, 60, 61, 40, 31, 62, 56
 19792-284: 10, 100, 82, 50, 52, 76, 99, 13, 71, 13, 28, 67, 100, 98, 58, 14, 62, 7, 14, 41, 37, 12, 47, 15, 22, 68, 26
 10587-011: 100, 91, 10, 55, 13, 21, 61, 19, 31, 72, 6, 51, 60, 69, 29, 75, 87, 75, 66, 31, 69, 90, 3, 48, 82, 75, 31, 29, 60
 25901-087: 35, 7, 100, 93, 49, 91, 75, 49, 32, 80, 37, 74, 14, 73, 21, 55, 91, 27, 39, 17, 9, 64, 57, 43, 30, 56, 94, 67, 69, 84, 39, 80, 65, 97
 16720-576: 14, 27, 86, 90, 82, 77, 28, 81, 17, 20, 76, 52, 31, 100, 22, 89, 14, 89, 77, 1, 20, 67, 57, 40
 28044-574: 72, 12, 100, 18, 66, 61, 98, 4, 75, 25, 16, 39, 25, 89, 19, 88, 71, 98, 89, 25, 19, 84, 99, 42, 39
 11077-088: 21, 9, 70, 85, 56, 40, 46, 49, 2, 80, 1, 13, 14, 49, 25, 63, 19, 52, 53, 72, 98, 63, 48, 19, 6, 36, 44, 68, 25, 63
 76058-83: 53, 53, 26, 19, 63, 76, 52, 14, 73, 28, 5, 46, 58, 72, 14, 45, 35, 62, 94, 26, 65, 38, 10, 27, 29, 22, 53, 98, 7, 92, 29, 83, 41
 37078-08: 22, 59, 89, 9, 50, 46, 87, 75, 76, 52, 83, 27, 38, 60, 12, 86, 6, 80, 59, 87, 42, 18, 93, 42, 94, 48, 8
 28147-15: 1, 20, 94, 6, 47, 30, 57, 13, 63, 29, 37, 48, 39, 31, 62, 94, 25, 44, 28, 53
 11354-209: 43, 77, 97, 33, 50, 9, 97, 69, 38, 51, 90, 21, 83, 7, 61, 33, 71, 50, 85, 25
 11554-157: 59, 91, 79, 29, 58, 39, 99, 68, 23, 49, 23, 11, 41, 42, 88, 47, 66, 53, 22, 39, 51, 13, 10, 52, 27, 98, 23, 14, 25, 37, 56, 72, 32, 91, 53, 28
 12295-840: 38, 91, 64, 33, 62, 58, 15, 26, 100, 32, 21, 82, 53, 9, 42, 43, 1, 63, 77, 5, 49, 74, 47, 13, 75, 64
 27914-722: 13, 77, 57, 100, 38, 13, 64, 34, 2, 68, 11, 38, 88, 75, 57, 20, 50, 43, 87, 36, 91, 12, 25, 63, 29, 67, 92, 81, 46
 20015-318: 11, 87, 67, 71, 100, 13, 5, 49, 69, 70, 94, 47, 65, 56, 71, 20, 100, 67, 23, 81, 38, 4
 64775-27: 21, 3, 24, 36, 55, 85, 75, 21, 34, 63, 84, 97, 36, 90, 10, 87, 62, 70, 25, 69, 72, 67, 19
 20137-309: 71, 73, 6, 90, 76, 74, 31, 23, 13, 1, 20, 10, 14, 26, 37, 11, 5, 94, 30, 72, 84, 99, 25, 47, 70, 78, 21, 2, 35, 59, 92, 57, 62, 47
 20076-771: 23, 63, 81, 22, 70, 48, 92, 39, 78, 56, 93, 5, 14, 43, 60, 97, 73, 57, 28, 63, 40, 7, 2, 91, 42, 26, 50, 91, 71
 65099-74: 37, 89, 1, 81, 96, 24, 49, 16, 49, 2, 70, 14, 66, 74, 13, 2, 23, 22, 13, 54, 91
 11320-873: 41, 38, 97, 80, 61, 98, 33, 49, 84, 74, 48, 64, 23, 37, 3, 81, 51, 27, 100, 79, 59, 39, 77, 92, 18, 27
 17744-506: 10, 54, 10, 23, 40, 96, 2, 92, 29, 30, 4, 27, 35, 24, 90, 9, 44, 28, 69, 10, 96, 98, 89, 59, 87, 90, 84
 27290-208: 36, 95, 18, 8, 75, 1, 89, 19, 26, 43, 45, 42, 64, 40, 44, 55, 87, 34, 52, 77, 14, 51, 30, 70, 56, 84
 14616-760: 34, 59, 84, 78, 18, 88, 5, 96, 91, 8, 35, 63, 67, 57, 68, 55, 39
 23518-318: 10, 35, 79, 10, 96, 68, 73, 43, 24, 5, 38, 33, 9, 30, 16, 76, 31, 81, 94, 67, 14, 76, 100, 37, 66, 19, 60, 1, 40, 9, 97, 5, 80, 98, 60, 55, 36, 77, 78, 44, 30, 20
 15797-789: 58, 5, 36, 18, 16, 71, 64, 5, 26, 59, 16, 85, 25, 70, 16, 68, 73, 82, 69, 10, 79, 51
 77758-93: 82, 52, 6, 53, 59, 5, 54, 90, 51, 35, 21, 42, 84, 95, 59, 14, 70, 86, 52, 56, 55, 13
 83633-45: 25, 94, 75, 12, 55, 36, 61, 67, 18, 40, 37, 34, 21, 98, 25, 52, 100, 20, 32, 25, 86, 45, 29, 58, 46
 10918-278: 45, 100, 67, 12, 18, 3, 90, 28, 51, 17, 35, 53, 62, 47, 60, 24, 59, 19, 20
 25358-919: 18, 18, 55, 84, 17, 27, 76, 60, 70, 80, 44, 38, 77, 40, 85, 30, 25, 83, 14
 28738-408: 64, 89, 70, 42, 60, 44, 6, 36, 2, 23, 86, 61, 5, 60, 56, 69, 18, 16
 24392-033: 79, 62, 8, 22, 93, 49, 93, 21, 99, 6, 71, 54, 75, 45, 72, 22, 3, 71, 92, 97, 63, 27, 32, 87, 87, 54, 13, 15
 13269-477: 68, 57, 99, 38, 62, 11, 64, 84, 5, 33, 37, 33, 35, 99, 89, 11, 31, 91, 28, 98, 6, 89, 27, 63, 45, 1, 68, 94, 75, 20, 85
 22686-894: 47, 28, 57, 62, 54, 57, 73, 35, 85, 10, 65, 23, 51, 31, 89, 54, 61, 28, 42, 19, 82, 73, 46, 90, 40
 13005-359: 3, 4, 71, 83, 21, 18, 34, 20, 1, 64, 98, 17, 77, 53, 95, 9, 45, 8, 10, 60, 33, 85, 3, 47
 20877-079: 41, 100, 56, 74, 68, 40, 66, 29, 66, 27, 57, 17, 43, 50, 60, 66, 59, 9, 22, 61, 95, 31
 26185-221: 7, 15, 43, 35, 69, 27, 3, 25, 9, 95, 79, 85, 90, 85, 3, 61, 24, 90, 75, 19, 17, 3, 68, 42
 17942-180: 37, 98, 89, 17, 11, 55, 18, 37, 61, 7, 68, 69, 83, 11, 85, 12, 92, 52, 24, 91, 18, 18, 8, 47, 18, 77, 51, 9, 91, 36, 90
 10305-071: 29, 90, 32, 40, 20, 14, 8, 75, 67, 94, 61, 52, 5, 67, 58, 85, 78, 10, 14, 85, 50, 37, 75
 20878-686: 98, 73, 86, 92, 65, 36, 99, 66, 5, 18, 27, 57, 37, 41, 70, 64, 1, 30, 90, 15, 36, 15, 72, 37, 23, 93, 15, 4, 69, 65
 56140-70: 57, 29, 9, 2, 1, 31, 97, 64, 27, 96, 32, 15, 10, 100, 90, 12, 32, 81, 61, 43, 22, 28, 17, 15, 31, 68, 10
 20199-322: 88, 5, 65, 80, 58, 50, 12, 95, 31, 74, 57, 70, 77, 26, 45, 1, 46, 83, 17, 64, 6, 65, 74, 38
 16922-031: 6, 75, 59, 24, 30, 17, 46, 95, 1, 96, 20, 73, 82, 87, 92, 97, 4, 27, 77, 74, 26
 96458-05: 72, 96, 37, 49, 96, 65, 49, 98, 81, 83, 40, 24, 57, 73, 54, 70, 81, 8, 94, 80, 100, 95, 84, 51, 29, 5, 47
 15462-821: 4, 34, 56, 7, 59, 48, 4, 22, 53, 60, 70, 68, 82, 37, 2, 40, 67, 2, 29, 16, 71, 35, 62, 92, 51, 100, 12, 33, 30, 15, 34
 74354-25: 84, 77, 7, 84, 29, 50, 26, 27, 31, 44, 52, 7, 65, 60, 29, 72, 17, 89, 58, 60, 2, 72, 37, 67, 26, 67, 100, 41
 25241-23: 16, 98, 42, 5, 27, 14, 58, 56, 74, 92, 21, 26, 76, 66, 59, 82, 62, 68, 52, 44
 10016-177: 32, 35, 1, 10, 35, 13, 65, 26, 63, 99, 48, 50, 20, 44, 71, 21, 71, 84, 3, 1, 100, 70
 11089-981: 20, 83, 50, 48, 38, 66, 94, 6, 82, 31, 74, 40, 71, 26, 30, 31, 61, 55, 35, 23, 56, 90, 30
 25549-312: 95, 96, 76, 64, 2, 8, 87, 81, 49, 21, 28, 12, 73, 23, 54, 85, 82, 85, 19, 89, 26, 7, 19, 23, 98, 5, 45, 36
 13738-284: 56, 37, 28, 1, 100, 45, 28, 53, 58, 78, 34, 36, 56, 27, 98, 72, 18, 64, 47, 86, 5, 79, 28, 95, 6, 13, 62, 2
 80349-64: 19, 7, 24, 94, 17, 58, 62, 76, 2, 100, 85, 69, 93, 91, 43, 21, 27, 82, 21, 54, 19, 79, 14, 83, 65, 65, 80, 33, 59, 22, 80, 41, 77, 70, 80, 60
 22675-216: 18, 50, 73, 94, 32, 8, 78, 73, 10, 71, 48, 74, 43, 66, 15, 4, 83, 54, 90, 100, 20, 94, 66, 30, 62, 47, 100, 43, 54
 61016-95: 20, 21, 17, 100, 45, 74, 70, 74, 69, 2, 89, 86, 93, 9, 14, 13, 54, 53, 52, 24, 38, 97, 20, 26, 90, 59
 25491-800: 31, 84, 16, 86, 13, 18, 36, 39, 72, 30, 15, 57, 17, 38, 43, 42, 19, 94, 10
 12394-099: 53, 10, 6, 62, 93, 5, 66, 80, 56, 1, 27, 64, 42, 73, 5, 58, 40, 99, 63, 8, 48, 69, 39, 10, 91, 76, 69, 85, 51, 1
 15864-261: 2, 18, 34, 41, 38, 33, 90, 35, 7, 33, 62, 15, 21, 20, 100, 6, 45, 59, 11
 19030-352: 13, 66, 14, 14, 84, 14, 59, 43, 22, 37, 35, 64, 58, 64, 58, 69, 73, 52, 84, 40, 16, 9, 83, 35, 46, 36, 36
 22631-041: 66, 16, 12, 34, 31, 2, 53, 59, 98, 65, 17, 31, 52, 80, 48, 2, 14, 70, 7, 52, 88, 63, 37, 86, 31, 23, 53
 56707-28: 88, 70, 41, 62, 91, 76, 31, 57, 13, 50, 41, 24, 3, 86, 12, 44, 60, 87, 94, 59, 23, 32, 98, 52, 56
 49787-40: 39, 66, 85, 54, 71, 98, 74, 100, 71, 39, 72, 35, 77, 35, 60, 90, 59, 78, 90, 12, 44, 94, 63, 12
 36867-68: 42, 54, 84, 1, 60, 9, 88, 99, 11, 90, 58, 81, 44, 46, 2, 68, 88, 9, 47, 28, 94, 44, 25, 50, 46, 51, 87, 46, 9, 6, 88, 5, 37
 90211-92: 60, 71, 75, 36, 6, 48, 37, 56, 4, 18, 57, 77, 69, 48, 22, 15, 41, 80, 71, 6, 19, 61, 24, 87, 22, 23, 69, 89, 34
 32237-66: 81, 13, 24, 88, 52, 97, 40, 84, 55, 81, 3, 22, 64, 70, 89, 66, 53, 41, 14, 56
 16853-014: 67, 71, 58, 3, 84, 57, 22, 4, 64, 26, 46, 59, 49, 86, 77, 58, 16, 48, 80, 62, 87, 13
 94246-56: 83, 5, 9, 22, 18, 1, 4, 19, 29, 48, 22, 10, 9, 70, 27, 66, 50, 44, 62, 35, 8, 78, 100
 10417-276: 95, 27, 94, 11, 14, 31, 21, 81, 97, 30, 43, 3, 32, 36, 29, 77, 22, 4, 15, 79, 99, 4
 45584-82: 27, 18, 98, 67, 94, 37, 54, 17, 22, 38, 2, 82, 88, 67, 94, 95, 53, 56, 99, 79, 24, 86, 34, 13, 70, 42, 6
 21837-261: 66, 86, 17, 12, 38, 15, 44, 72, 24, 87, 20, 56, 54, 92, 90, 99, 24, 78, 40, 92, 53, 44
 10230-224: 66, 80, 27, 55, 70, 52, 31, 32, 62, 20, 45, 60, 65, 12, 57, 43, 43, 33, 67, 21, 59, 62, 52, 31, 66, 9, 42, 76, 22, 87, 26, 38, 72, 46, 83, 46, 79
 16622-920: 97, 91, 50, 95, 40, 40, 73, 93, 37, 67, 20, 38, 74, 79, 42, 53, 58, 22, 24, 17, 44, 26
 74305-75: 12, 52, 97, 9, 20, 32, 53, 51, 50, 3, 12, 71, 82, 83, 53, 100, 78, 36, 42, 41, 67, 99, 28
 17081-196: 67, 87, 99, 67, 89, 83, 71, 99, 63, 37, 74, 15, 58, 57, 64, 61, 32, 16, 38
 20384-27: 92, 87, 29, 67, 14, 10, 63, 95, 20, 73, 54, 88, 29, 89, 37, 8, 8, 80, 2, 37, 69, 55, 59, 87, 4, 82, 23, 87
 77696-03: 75, 29, 62, 69, 27, 53, 98, 6, 77, 7, 20, 62, 86, 78, 47, 37, 56, 39, 80, 74, 70
 28196-963: 95, 12, 59, 16, 40, 25, 10, 23, 32, 13, 53, 96, 96, 10, 16, 66, 16, 32, 82, 86, 51, 55, 1, 69, 10, 81, 7, 49
 32659-06: 53, 11, 70, 2, 13, 75, 43, 25, 86, 12, 62, 44, 15, 36, 40, 16, 43, 44, 10, 5, 33
 23560-052: 77, 35, 14, 60, 56, 62, 91, 10, 78, 61, 16, 10, 72, 16, 16, 85, 45, 18, 30, 90, 94, 2, 56, 93, 19
 12666-833: 57, 89, 89, 93, 63, 55, 29, 88, 62, 88, 12, 73, 50, 80, 9, 15, 33, 18, 6, 99
 47246-85: 89, 55, 20, 63, 65, 16, 2, 10, 3, 26, 15, 64, 29, 91, 49, 70, 29, 45, 57, 60, 80, 90, 67, 6, 13, 10, 73, 5
 23095-883: 19, 67, 56, 80, 50, 49, 60, 6, 22, 61, 84, 73, 74, 43, 67, 48, 29, 50, 82, 2
 26416-769: 44, 27, 19, 83, 16, 97, 50, 77, 3, 11, 88, 52, 4, 46, 10, 61, 17, 35, 2, 15, 80, 80, 44, 4, 81
 21313-45: 32, 39, 96, 9, 49, 35, 65, 92, 67, 98, 42, 16, 97, 44, 21, 90, 72, 26, 82, 38, 47, 70, 3, 14
